0.09750333957750212
0.07937385928844909
0.06041067500244782
0.048077773251742284
0.038174799038875426
0.02951718485776004
0.024662997361047243
0.01928109864498131
0.014753274240160638
0.011382881457915814
0.009879757792922538
0.007658173040503588
0.006029210392363547
0.005038763548605426
0.003914264932944381
0.0031159146500546425
0.002471065287015108
0.0019735368819731036
0.001439264946936556
0.0012040927767933808
9.506733567876813E-4
8.139266530288056E-4
6.385922426890094E-4
5.05557205757467E-4
3.7804018016132293E-4
2.9929089695339325E-4
2.4757472425363485E-4
1.9265101662196952E-4
1.5018711482104043E-4
1.193392293847727E-4
9.74489791763814E-5
7.825023286436537E-5
6.122271331535458E-5
5.010701679512539E-5
3.6196168912071454E-5
3.292653414363717E-5
2.411320343648211E-5
2.0786299477034108E-5
1.525895286749065E-5
1.263638046940612E-5
1.000045414794883E-5
