0.0407080078125
0.0339111328125
0.0302001953125
0.0257080078125
0.0206787109375
0.01830078125
0.017431640625
0.0133447265625
0.0114404296875
0.0104833984375
0.009349365234375
0.009111328125
0.008603515625
0.008507080078125
0.008553466796875
0.008499755859375
0.008497314453125
0.008515625
0.00856689453125
0.00856689453125
0.008592529296875
0.008515625
0.00853271484375
0.008558349609375
0.008524169921875
0.00856689453125
0.008507080078125
0.0086181640625
0.0085498046875
0.008592529296875
0.00863525390625
0.00870361328125
0.008677978515625
0.0087548828125
0.0087548828125
0.008780517578125
0.0087890625
0.0087890625
0.0087890625
0.0087890625
0.0087890625
