0.17422727756202222
0.15589977703988553
0.11829651422798633
0.09701456449925899
0.07598375134170056
0.059919121116399764
0.05070389851927757
0.038828235566616055
0.029674499407410623
0.026004147604107856
0.019375752583146097
0.01502390243113041
0.013433921560645103
0.01015294849872589
0.007406215816736221
0.006176912188529968
0.005205528512597084
0.004085094630718231
0.0031011489778757094
0.0024120818823575975
0.0019420938193798066
0.0015454627573490143
0.0012319205701351165
0.0010181309282779694
7.518349587917328E-4
6.181862205266953E-4
5.029055476188659E-4
4.353149980306625E-4
3.048142045736313E-4
2.436564862728119E-4
2.0433977246284485E-4
1.5694350004196166E-4
1.229945570230484E-4
9.922422468662262E-5
7.259413599967957E-5
6.345443427562713E-5
4.872702062129974E-5
3.820352256298065E-5
2.9416978359222414E-5
2.441413700580597E-5
1.9301697611808778E-5
