-20	1122.44961129719
-19	861.2733199050081
-18	651.1934279955626
-17	497.54625025908615
-16	425.27749038092014
-15	308.9195615874155
-14	262.1647085496658
-13	175.6699141306298
-12	160.38398656551954
-11	96.59648285233659
-10	77.47330037752891
-9	50.74947628796638
-8	32.14968248750042
-7	25.27872001268179
-6	16.617504080494662
-5	13.684295489418243
-4	7.669474482310915
-3	4.574141496505273
-2	4.891006177950872
-1	2.6613611519454734
0	1.8541680165805607
1	1.7028473180394326
2	1.3955335247422291
3	0.960554758775345
4	0.8158935193785831
5	0.5591355905935158
6	0.46579123621744706
7	0.45032539142356875
8	0.32716933256747305
9	0.24478988818145342
10	0.17629170626512175
11	0.18846489288961338
12	0.12981375593608152
13	0.09755801196514328
14	0.07624294935055849
15	0.0832012168184108
16	0.038624751456352434
17	0.03479941181455879
18	0.029807846335013936
19	0.024964378949161842
20	0.02229828584772164
