6.656241917209742
5.069315836291668
4.006631377804146
3.265223525399829
2.5415903557282817
2.0269669401815515
1.5348341360857949
1.3275824765819513
0.9604826201673334
0.7966523145306021
0.6089825531616975
0.4936873267940907
0.4032206365857789
0.3179206181109522
0.24689623894225374
0.19446170475098876
0.15491109005288806
0.13109208731731392
0.09493430302027697
0.07724859470481057
0.057896485192074854
0.05009627482920579
0.039207797579239055
0.03226907278098649
0.02592082978531347
0.01928306065250129
0.0156420947140426
0.012879990144314785
0.009832799113285075
0.007882684490586229
0.006325096797195721
0.004605556104916908
0.0038396017818496473
0.0032356406818934784
0.0024433229616685767
0.0019806193435239704
0.0015898698663691477
0.0012460334290800318
0.001009642948188507
8.055370241485516E-4
6.223605844575251E-4
