3.472485711351037
2.6043919797986748
2.0720884501188994
1.4932154259085655
1.0831187259405852
0.9577430383116007
0.6725512680411339
0.5701808845996856
0.4686210712045431
0.359462665989995
0.27001704193651677
0.2257545444369316
0.19737976871430873
0.15870439052581786
0.12376493394374848
0.09943858996033668
0.07316896095871925
0.06325513735413552
0.04804419256746769
0.041043379977345466
0.030121358260512352
0.02384161539375782
0.01948774091899395
0.014756560698151589
0.011933558434247971
0.009424680173397064
0.0077332864701747895
0.005887880995869637
0.00520128108561039
0.0040319210290908816
0.0029192645847797394
0.0024440009891986848
0.0019247942417860032
0.0016042044758796691
0.0012745190411806106
0.0010183486342430115
8.607794344425201E-4
6.633301824331283E-4
4.958137124776841E-4
3.836458921432495E-4
2.9126197099685667E-4
