0.38944517437950626
0.3144461297409284
0.24356547093802486
0.20371504265953141
0.15239590370103803
0.12012342274418407
0.0996598197514647
0.08013254291133322
0.06205415381872393
0.05236459397006006
0.0395530231087394
0.03193800255611061
0.025694178238149217
0.020420037482595584
0.014955552372406549
0.011970434745553662
0.010180571526579339
0.007799138561660343
0.0062769420118582026
0.004799907613836177
0.004024970578765101
0.0031651174029020943
0.0024600485702222573
0.0019829967555375404
0.0014978314097839705
0.0012469170784504464
9.799404997946704E-4
7.999893670594405E-4
6.326620919400224E-4
4.933123858124122E-4
4.086627214369159E-4
3.038359143865718E-4
2.496205054757795E-4
1.854267632012937E-4
1.512828877049554E-4
1.2221221687357995E-4
9.871359238378036E-5
7.691085220766085E-5
6.0575321538565076E-5
4.67509557767995E-5
3.9251821961685084E-5
