6.589919848843042
5.259240388094375
3.9393189328973306
3.074729163122881
2.6398887044830426
2.0113419898278266
1.6121155792869484
1.2287173453832638
0.9665533651688896
0.7659131161928323
0.6187536165957925
0.5057505603323404
0.37217788590176265
0.32442945863778627
0.24547198997967984
0.19726774288756274
0.15689061565717852
0.11827688902030432
0.09818246165883489
0.07490224199142438
0.06331518142931282
0.04958638789791927
0.03916248502120238
0.03175954136335573
0.025011594991683123
0.02032050483795516
0.01552697274930722
0.012239126387934177
0.009822017347198501
0.008105549213876757
0.006541870809241205
0.004770883276789152
0.003921133642293768
0.003064687636097228
0.002607059978225409
0.0018848309219037058
0.0014658456831070862
0.0011916188007294237
0.0010464221915940184
7.705599929230717E-4
6.256161412793916E-4
