6.141047324008312
4.780968568557516
4.1512189053861706
3.1722081851376296
2.3875031012320256
2.034406659481171
1.5313877501166475
1.2671772046013283
1.035810755080488
0.8195785638974071
0.6112494955950438
0.48945769204693185
0.4017025729721066
0.3294648476481528
0.25754353290099025
0.19806622700199153
0.15221954113111472
0.12197276775247967
0.10034666622572809
0.08124864687197608
0.06163317417697737
0.04913273492692474
0.04054368636386094
0.030230791154151355
0.025249860540476753
0.019206534350500563
0.014908004151387814
0.011950763613116444
0.010289106886929099
0.007807501551758536
0.006001857479812051
0.004961704720019238
0.0038195227317894213
0.0031861040119415423
0.0025459144871643074
0.0019667587246673156
0.0016806905917490123
0.0012810161349753218
9.751193716131811E-4
7.653674611348829E-4
5.955560113015064E-4
