0.04820212386548519
0.036428608670830726
0.03134451247751713
0.023958209827542307
0.019220733344554902
0.015760576874017714
0.012212577164173127
0.009454218745231628
0.007432176768779755
0.006215518414974213
0.005146168470382691
0.003979835286736488
0.0030957266688346865
0.002376464679837227
0.0019424335658550262
0.0015926244109869003
0.0011510683596134186
0.0010415241122245789
7.468646764755249E-4
5.742305517196655E-4
4.963559657335282E-4
3.9864711463451387E-4
3.060170263051987E-4
2.3439787328243255E-4
1.980486512184143E-4
1.683077961206436E-4
1.2508809566497803E-4
9.437702596187591E-5
8.023560047149659E-5
6.371378898620606E-5
4.99376654624939E-5
4.08124178647995E-5
3.398150205612183E-5
2.5708898901939393E-5
1.903645694255829E-5
1.46542489528656E-5
1.2533813714981079E-5
1.0378509759902954E-5
7.81334936618805E-6
6.368458271026611E-6
4.981905221939087E-6
