-20	4344.944504158656
-19	3518.7492025563947
-18	2781.8217266548436
-17	2198.470734300461
-16	1825.500324273143
-15	1377.0034085935247
-14	1151.592391770239
-13	876.109572910788
-12	675.8686167515202
-11	549.1618482330967
-10	446.3865414984255
-9	375.70531902661554
-8	296.44051196069444
-7	239.06123411324907
-6	189.79014099922634
-5	163.33263836931266
-4	108.19881936928263
-3	95.4370123779138
-2	89.96737893842405
-1	56.8022943104999
0	67.71280938260598
1	41.41648576025012
2	27.129082133716288
3	25.3642093201902
4	17.767115514125457
5	9.895061035582591
6	6.794120776953107
7	2.7731896763552673
8	4.083693534649363
9	0.30366474513034236
10	1.435498497533643
11	0.1720958545993366
12	0.12048640240725575
13	0.08933636106865463
14	0.07220957007345405
15	0.05819406529296203
16	0.046744773005840796
17	0.03823670255249976
18	0.02993631190915248
19	0.028812428597156877
20	0.019748979030857185
