3.6971396735310553
2.7530371206998825
2.0649583046138287
1.6499266517162323
1.167726543545723
0.9017492196708917
0.6952913708239794
0.5762406660616398
0.40855024337768553
0.3312385772168636
0.28145316392183306
0.21701207019388677
0.1929934649169445
0.16100929349660872
0.12189507581293584
0.09402955539524555
0.07631369896233081
0.06260260634124279
0.04929150156676769
0.038689981922507284
0.02884960487484932
0.025688686221837998
0.018994217291474342
0.017158278301358222
0.01251502387225628
0.01002484641969204
0.0074792527407407765
0.0063033439218997955
0.004669298827648163
0.0038506176322698595
0.0031295278668403625
0.0021603594720363615
0.0019747651368379592
0.0015269607305526734
0.0011396360397338866
9.48287695646286E-4
7.733984291553497E-4
6.275805830955506E-4
4.939210414886475E-4
3.8234539330005645E-4
3.1701497733592986E-4
