-20	2301.8243784209276
-19	1793.3751305472344
-18	1513.0051211468942
-17	1110.6464861396353
-16	899.4336746904213
-15	704.5984161622816
-14	589.7697696630553
-13	456.3424344325031
-12	355.4451339430486
-11	276.74887445016924
-10	213.73971612060245
-9	172.3305781065805
-8	93.30917625947632
-7	72.13523176641753
-6	65.38227353058261
-5	44.5943179582662
-4	24.604600677705562
-3	15.307759946814308
-2	11.34427868183825
-1	5.482854707713682
0	4.475989823726901
1	1.783389704306216
2	1.1382136615213605
3	0.9784955573201007
4	0.7146227675209225
5	0.641119780835125
6	0.46101497713667106
7	0.39373568043108015
8	0.3306411823020435
9	0.2687807621705364
10	0.19805790099734236
11	0.15665189397605112
12	0.13576385618542194
13	0.10234101192488199
14	0.0934932013733407
15	0.06739225710822085
16	0.054940873336128605
17	0.04608107118126807
18	0.03173554908014223
19	0.022435008835491675
20	0.01913677956016998
