-20	1610.7451047221502
-19	1292.7514543397124
-18	938.8923482950119
-17	737.8062314685765
-16	596.5086992806156
-15	468.9821771025682
-14	356.6523511684858
-13	284.3469648543527
-12	180.01977661913332
-11	146.31510978463493
-10	109.10567327881458
-9	73.64796422019384
-8	67.12906075691448
-7	39.404287857191065
-6	25.5627366585511
-5	17.628917580792212
-4	14.23800356002257
-3	10.767242575826703
-2	9.598782487717767
-1	5.85916994756457
0	3.2651366548881295
1	2.7435894297234507
2	1.94740337400069
3	1.21686478235491
4	1.1235051339391493
5	0.8428032075651258
6	0.5294838399866725
7	0.5490815254768596
8	0.36967123047913353
9	0.25405008068113555
10	0.16457734309454122
11	0.16943519958505235
12	0.11661822826401512
13	0.10535231293404358
14	0.08016594125399103
15	0.06674493177632498
16	0.06199846116585114
17	0.03979427149979617
18	0.03337434751228767
19	0.022672607534534726
20	0.022292093484948955
