14.779399137581148
11.436880605999516
8.778865771018031
6.709917426127832
5.114902544511984
3.87085709289891
2.929034968437011
2.1795253524926963
1.6144786784720333
1.1957792251034194
0.8702873553446059
0.6316267332350992
0.44732039514857264
0.3155774740972105
0.21827287169481652
0.14867513398801657
0.09856867084663454
0.0650504891908577
0.04177576099880509
0.025944177208234578
0.015662272540547452
0.009319533187245543
0.005324234482862705
0.002912841755979832
0.0016106915765070266
8.49260994192527E-4
4.169227065577068E-4
1.980696669593772E-4
9.101478847326004E-5
4.266836810803597E-5
2.0240379317018184E-5
1.2519556385529125E-5
8.563473772627567E-6
6.08095210853738E-6
5.206532516737177E-6
4.117913709663582E-6
3.299861555226556E-6
2.4941392100844315E-6
1.8810603432313568E-6
1.4833526811546697E-6
1.2306213219453723E-6
