-20	4854.407547893299
-19	3914.2542623960053
-18	3194.839578351131
-17	2395.3390376328184
-16	2103.5148952575405
-15	1641.4690829949532
-14	1239.5729850588668
-13	982.9449957735416
-12	797.8580437211
-11	572.0051887033745
-10	484.95585162532507
-9	437.8240366135395
-8	327.75719861506724
-7	297.541581083429
-6	190.5062384756702
-5	181.48518306703855
-4	145.0762311493479
-3	119.9729930194871
-2	80.62009483533969
-1	65.58906563069061
0	68.79561293717396
1	43.26449999815574
2	32.80772668501283
3	22.741211843083793
4	17.782889090426398
5	18.380530299473513
6	10.483131429581192
7	10.68145826206976
8	6.873476434971348
9	6.874475367360667
10	3.3422037474888806
11	2.8698757786822653
12	1.2768822100178228
13	1.5770844206682395
14	0.09493914519759163
15	0.061097580532697676
16	0.4082928695748585
17	0.037844449903258644
18	0.0320193556048281
19	0.023733028265495185
20	0.022774779839783387
