0.38174645844771865
0.31129347296656046
0.24285136969394974
0.19792413255710412
0.16820189819328407
0.12937894730846547
0.10343381973621425
0.0810427341342932
0.061181849286079275
0.049181700781048124
0.03984309073940892
0.03279269153384747
0.025142493984163086
0.01930957346759094
0.01496677926167685
0.011956597746008775
0.010018963934336543
0.008037803521508442
0.006345037342822908
0.004864527493410709
0.0037800953986326736
0.0031332250654277226
0.002548739246647543
0.0019318808836268555
0.0015032963620720042
0.0012645356048153614
9.947615890425927E-4
7.98022982591766E-4
6.196600839427115E-4
4.696080071060827E-4
3.8790235161612166E-4
3.2123075243177616E-4
2.5606114962069146E-4
1.9543358158093221E-4
1.5130583090315798E-4
1.2272988632959964E-4
9.1807335056563E-5
7.603497800390629E-5
6.0595149792465844E-5
4.986307632341711E-5
3.7514526308605774E-5
