0.0955234933150927
0.07705790325513376
0.06030510103055742
0.04864583500010929
0.037773734135737064
0.031927407180745104
0.024808429125522113
0.019497407536915392
0.015081058380782345
0.01227122372421429
0.009820693693225978
0.007942347216219009
0.006150737288260973
0.004763492412406121
0.003743779162506887
0.003223862954349181
0.0023454644849062543
0.0019502533740008716
0.0015209258195412918
0.0011753518134192764
9.668829037604105E-4
7.534034643825037E-4
6.302303601293904E-4
5.04076191121737E-4
3.913067943396647E-4
3.180089691910151E-4
2.5258033540648993E-4
1.9352553066350413E-4
1.5823172315274704E-4
1.240346000039234E-4
9.737923115389852E-5
8.004213226626123E-5
6.895854633987328E-5
4.721732030482765E-5
3.988769633754696E-5
3.0446593507098207E-5
2.5800257408733204E-5
1.9945391198387198E-5
1.4474216574785606E-5
1.1877074858848075E-5
9.665465882819388E-6
