0.17240178517997265
0.15452057927846907
0.11980746537446976
0.0919614764302969
0.07456743836402893
0.06317968614399433
0.049048228189349174
0.038414570614695547
0.030384795218706132
0.02789624810218811
0.01981125622987747
0.01497445710003376
0.011289414241909981
0.009938719347119332
0.007678067460656166
0.0065679454058408734
0.004910636767745018
0.003884202986955643
0.0027437793463468553
0.002585010603070259
0.0019916544854640963
0.0015539439767599105
0.0012014970183372498
0.0010188576579093934
7.798279821872712E-4
5.808357149362564E-4
4.742288589477539E-4
3.947872668504715E-4
2.9267854988574983E-4
2.3655466735363008E-4
1.9934773445129395E-4
1.6097992658615113E-4
1.1472366750240326E-4
1.0289743542671204E-4
7.625915110111237E-5
6.899937987327576E-5
5.199141800403595E-5
4.066139459609985E-5
2.8787255287170412E-5
2.6424229145050048E-5
1.9068419933319093E-5
