-20	201.30649271468454
-19	178.22164104743288
-18	142.9175107538223
-17	89.1204125739162
-16	78.68547541656157
-15	58.72713062143262
-14	56.052558029744176
-13	31.04627672922187
-12	30.10237278914647
-11	25.041157218297585
-10	21.622283293020317
-9	14.388481335890372
-8	15.333515364902693
-7	8.858827703915823
-6	9.352688073188986
-5	6.071405080032225
-4	4.834878757853262
-3	4.830540358214275
-2	3.3480765628542644
-1	2.479131327451754
0	1.9993307762744446
1	2.0463265448546513
2	1.3547241685304952
3	0.8966534885776702
4	0.8311845691304051
5	0.6027216451425427
6	0.5549433733443848
7	0.40229121690412817
8	0.34314938279896734
9	0.27337227512137613
10	0.17360028990520482
11	0.16179259677648225
12	0.1526056101849874
13	0.10105710239253618
14	0.0741057222859757
15	0.043704035281900866
16	0.04997372099361736
17	0.03405244959155798
18	0.030308424228097056
19	0.022821264325477028
20	0.022680143666350266
