0.04687800258398056
0.037748033627867696
0.028142642080783844
0.023649659007787704
0.01908876471221447
0.015960606932640075
0.012324168607592582
0.010480025634169578
0.007828979417681695
0.005737099945545197
0.0047034209966659545
0.003948689177632332
0.002965308874845505
0.002413840293884277
0.0019712070375680923
0.0015221579372882842
0.0011620168387889863
9.624217450618744E-4
8.247160166501999E-4
6.181441247463226E-4
4.7385789453983305E-4
3.9475269615650175E-4
3.1413763761520383E-4
2.5835514068603513E-4
1.8593117594718932E-4
1.6065582633018494E-4
1.2390151619911193E-4
9.898029267787933E-5
7.652446627616883E-5
6.358884274959564E-5
4.662409424781799E-5
4.085548222064972E-5
3.013439476490021E-5
2.5286823511123658E-5
1.983828842639923E-5
1.6824305057525634E-5
1.2167841196060181E-5
1.0003596544265748E-5
8.58806073665619E-6
6.621703505516052E-6
5.300790071487427E-6
