0.05012768916785717
0.04018971517682075
0.0302910977602005
0.024282081946730615
0.018791860491037368
0.014799237325787544
0.012055068761110305
0.009420812502503395
0.007384206503629685
0.005624874457716942
0.004895713180303574
0.003917523473501205
0.0029984087496995925
0.002695721536874771
0.001969535052776337
0.001468474417924881
0.0012801869958639146
9.516019374132157E-4
7.534585893154144E-4
6.109272688627243E-4
4.618622362613678E-4
4.1550077497959137E-4
3.170298784971237E-4
2.570541948080063E-4
1.8686316907405852E-4
1.4106012880802155E-4
1.3194680213928222E-4
9.624473750591278E-5
7.436022162437438E-5
6.106674671173096E-5
4.9979686737060546E-5
4.081383347511291E-5
3.077968955039978E-5
2.561338245868683E-5
1.919470727443695E-5
1.686587929725647E-5
1.228824257850647E-5
1.0262206196784972E-5
7.863640785217286E-6
6.365105509757995E-6
5.359873175621033E-6
