0.37670522642957915
0.32730871456289573
0.24959563466053705
0.1923173212984776
0.14789640130675352
0.12583304643449217
0.09511369677320718
0.07617625920923693
0.06016233443065263
0.051724909451181356
0.03828627385066594
0.029750926541429277
0.02245033047682204
0.0197254767425377
0.01564110338893613
0.012544332487170058
0.010128864377373087
0.007749872153061298
0.006022004155983983
0.00515176236330823
0.0041243260214474334
0.0030117613558168187
0.0024113857381466075
0.0020275461921419663
0.0015692982496397282
0.00119157788507557
9.651378017275918E-4
7.592351391776985E-4
6.003607899555243E-4
4.7976598192761333E-4
3.961823841514001E-4
3.266276766249394E-4
2.3476019235822365E-4
1.9734499339676807E-4
1.5243551961591377E-4
1.2991952700950574E-4
1.0186023043834819E-4
8.139980538448295E-5
6.183985250796177E-5
5.245332334426063E-5
3.938994033353709E-5
