-20	3609.1478533163045
-19	3017.4221021064905
-18	2374.9447789604847
-17	1825.949733130759
-16	1476.366793449972
-15	1195.3063317688857
-14	879.428286296844
-13	667.376053677121
-12	539.6068034183579
-11	413.8765468248241
-10	341.7868632320457
-9	247.58072284106404
-8	170.8009533625482
-7	141.70512141281074
-6	129.99059173743063
-5	84.09554826514153
-4	62.429019173926854
-3	43.88486551909372
-2	28.021997720437522
-1	19.74871087198076
0	18.469276994863964
1	8.245901667261963
2	3.4877208223974843
3	6.731357802623225
4	2.301250999646113
5	0.951414816619089
6	0.6360679997981278
7	0.5908131950976644
8	0.36898557555528816
9	0.260305612947173
10	0.24269328311984623
11	0.19352917871249592
12	0.11992714691652032
13	0.1158736645168881
14	0.07392105478712964
15	0.06803861686057791
16	0.05881385250752352
17	0.04206144382135127
18	0.03031968895744934
19	0.021014173872380054
20	0.024419572284324294
