0.09248279822108753
0.07616733789849066
0.06022611496547992
0.04957901609528724
0.03933239421045413
0.03139714328847536
0.02526147918646111
0.020471325489679556
0.015815773948718675
0.011671700960033008
0.009588394869578007
0.0074542338028147715
0.00597586732088106
0.004911434756220053
0.0038169717376243407
0.0031474372886701103
0.002293882980299671
0.0019765543752809697
0.0015743596349935011
0.0012366806091476715
9.435131513594995E-4
7.87368715724417E-4
6.445641810865653E-4
5.120400078885369E-4
3.778090168413486E-4
3.23039238607572E-4
2.3866063902219548E-4
1.9950326710017983E-4
1.5516562524961933E-4
1.234363794982463E-4
9.490310030258771E-5
8.133894340221132E-5
6.159562013514039E-5
4.836850464086046E-5
3.8479391324583694E-5
3.283649852692048E-5
2.4174365083160358E-5
1.9182711666251385E-5
1.6029410055748822E-5
1.2344929837903518E-5
9.816251090854758E-6
