3.7231813276559116
2.8276239082962276
1.9602217084169389
1.510352248623967
1.2835735922306777
0.924243821054697
0.703014363348484
0.5431602050364017
0.44421918369829655
0.3403338469564915
0.2813504089415073
0.22406261622905732
0.181532591432333
0.15250660240650177
0.11429098583757877
0.0872144789248705
0.07520387768745422
0.05476339444518089
0.049825157895684244
0.03558687776327133
0.0297593392431736
0.025262139067053796
0.019880915954709054
0.015211558714509011
0.012288248762488366
0.010436856001615525
0.0073942262679338455
0.006178271993994713
0.004830096736550331
0.004137640148401261
0.003286155015230179
0.0023779523372650145
0.0019411560893058777
0.0015956342965364456
0.001364431381225586
9.819269925355912E-4
7.225662469863891E-4
5.693564563989639E-4
5.150360614061356E-4
3.763582557439804E-4
3.139594942331314E-4
