0.16835993729531765
0.14646026261150838
0.12466368049383164
0.09613386534154415
0.08166842296719551
0.06458543211221696
0.0505010824650526
0.040985455885529515
0.03160628981888294
0.025441660657525064
0.020889241471886633
0.017169965505599974
0.011862784028053283
0.009215588495135308
0.007649988457560539
0.005999580025672913
0.004984702244400978
0.003852235972881317
0.0030365372449159623
0.00257439486682415
0.0018540193885564803
0.0015984268486499786
0.0012204902619123458
0.0010080186277627945
7.893165946006775E-4
6.860512495040894E-4
5.105535686016083E-4
3.9555147290229795E-4
3.1195446848869324E-4
2.3710012435913087E-4
2.0421311259269715E-4
1.6754783689975738E-4
1.2573540210723876E-4
1.0016851127147674E-4
7.412843406200409E-5
6.381094455718994E-5
4.979811608791351E-5
3.822825849056244E-5
3.13577800989151E-5
2.5238990783691406E-5
1.8690228462219238E-5
