-20	2743.272503266311
-19	2149.039486758316
-18	1734.6100261282947
-17	1369.8842868454512
-16	1082.0917914762094
-15	857.4900995153469
-14	697.9718500355162
-13	564.8778761114482
-12	484.21328699642663
-11	339.2157186345981
-10	247.66505927657562
-9	279.1223168559733
-8	200.7671223421613
-7	167.26324306993712
-6	132.78814029080704
-5	98.79733187943668
-4	75.59250809162616
-3	50.445480503023106
-2	34.68385500565045
-1	44.63212500421963
0	33.690762183732865
1	17.34764699918048
2	13.88765255234001
3	3.5463557864861257
4	0.7678393789725944
5	0.6960985283131045
6	0.4608433720806424
7	0.3197548696623652
8	0.25141312891816237
9	0.2482225242208213
10	0.17793293711689592
11	0.15587868575366381
12	0.1284239228821351
13	0.10504827611350429
14	0.08840677824759353
15	0.06353359365636342
16	0.04697835188568856
17	0.03995683587272672
18	0.029945926555768693
19	0.02876897339148887
20	0.019323376366110725
