-20	162.2679412467609
-19	151.20757499642855
-18	116.4273498767718
-17	89.91356474968403
-16	78.6005327483882
-15	70.42834096868486
-14	60.67033256099193
-13	40.86714701174177
-12	27.14653909412973
-11	24.744746893115707
-10	19.095092889806093
-9	15.408871406357498
-8	14.49007098567438
-7	10.533710356000102
-6	8.73726568263588
-5	7.335842819326314
-4	5.350892659774891
-3	4.321351325193181
-2	3.708861483725755
-1	2.7374002284308694
0	1.6145478390026087
1	1.5138552506399277
2	1.172922054843193
3	0.8987314836597572
4	0.7681550252703881
5	0.6668892168783945
6	0.6136122605188216
7	0.3571340231102479
8	0.3205503994468903
9	0.22288121081603193
10	0.20512609084405842
11	0.1541772149461549
12	0.13481145207288533
13	0.099604936988228
14	0.07977218178676233
15	0.053677891328006586
16	0.04571487952315522
17	0.03983605879776382
18	0.02967720704660747
19	0.02577295824934004
20	0.01677358526210062
